{
  "advancedEditorSelectedIdentifier" : "ProjectBrowser",
  "openSceneRelativePaths" : [
    "BlackPiece.usda",
    "WhitePiece.usda",
    "Piece.usda"
  ],
  "recentIdentifiers" : {
    "83DAF1E1-A267-4BEA-BDED-F0905DEB612A" : [

    ],
    "90C576A0-F90A-43B8-9998-14918A66F863" : [

    ],
    "2397B01A-54AB-48DF-955E-DD0464842E3E" : [

    ],
    "CF9C0A3B-906E-42B0-BC63-048D36F2F207" : [

    ]
  },
  "sceneCameraHistory" : {
    "83DAF1E1-A267-4BEA-BDED-F0905DEB612A" : [
      {
        "date" : 733970740.966838,
        "title" : "Untitled",
        "transform" : [
          0.2830318,
          -2.4937759e-08,
          -0.95911056,
          0,
          -0.39311218,
          0.91214323,
          -0.11600674,
          0,
          0.87484616,
          0.40987164,
          0.25816548,
          0,
          0.25406843,
          0.14627114,
          0.035519794,
          1
        ]
      },
      {
        "date" : 733970735.63287,
        "title" : "Untitled",
        "transform" : [
          0.2830318,
          -2.4937759e-08,
          -0.95911056,
          0,
          -0.39311218,
          0.91214323,
          -0.11600674,
          0,
          0.87484616,
          0.40987164,
          0.25816548,
          0,
          0.26885834,
          0.11508677,
          0.03491047,
          1
        ]
      },
      {
        "date" : 733970724.93096,
        "title" : "Untitled",
        "transform" : [
          0.2830318,
          -2.4937759e-08,
          -0.95911056,
          0,
          -0.39311218,
          0.91214323,
          -0.11600674,
          0,
          0.87484616,
          0.40987164,
          0.25816548,
          0,
          0.21488139,
          0.09336039,
          -0.0010080421,
          1
        ]
      },
      {
        "date" : 726384132.372272,
        "title" : "Untitled",
        "transform" : [
          0.2830318,
          -2.4937759e-08,
          -0.95911056,
          0,
          -0.39311218,
          0.91214323,
          -0.11600674,
          0,
          0.87484616,
          0.40987164,
          0.25816548,
          0,
          0.23000504,
          0.06800493,
          -0.012002544,
          1
        ]
      },
      {
        "date" : 726384129.061841,
        "title" : "Untitled",
        "transform" : [
          0.2830318,
          -2.4937759e-08,
          -0.95911056,
          0,
          -0.39311218,
          0.91214323,
          -0.11600674,
          0,
          0.87484616,
          0.40987164,
          0.25816548,
          0,
          0.25649983,
          0.1276232,
          -0.010267906,
          1
        ]
      },
      {
        "date" : 726384121.844453,
        "title" : "Untitled",
        "transform" : [
          0.2830318,
          -2.4937759e-08,
          -0.95911056,
          0,
          -0.39311218,
          0.91214323,
          -0.11600674,
          0,
          0.87484616,
          0.40987164,
          0.25816548,
          0,
          0.25370276,
          0.12417084,
          0.0046916083,
          1
        ]
      },
      {
        "date" : 726383992.362512,
        "title" : "Untitled",
        "transform" : [
          0.2830318,
          -2.4937759e-08,
          -0.95911056,
          0,
          -0.39311218,
          0.91214323,
          -0.11600674,
          0,
          0.87484616,
          0.40987164,
          0.25816548,
          0,
          0.2504806,
          0.11796585,
          0.025461927,
          1
        ]
      },
      {
        "date" : 726383990.930203,
        "title" : "Untitled",
        "transform" : [
          0.2830318,
          -2.4937759e-08,
          -0.95911056,
          0,
          -0.39311218,
          0.91214323,
          -0.11600674,
          0,
          0.87484616,
          0.40987164,
          0.25816548,
          0,
          0.25648195,
          0.12537324,
          -0.0066348463,
          1
        ]
      },
      {
        "date" : 726383971.052592,
        "title" : "Untitled",
        "transform" : [
          0.2830318,
          -2.4937759e-08,
          -0.95911056,
          0,
          -0.39311218,
          0.91214323,
          -0.11600674,
          0,
          0.87484616,
          0.40987164,
          0.25816548,
          0,
          0.26352102,
          0.10434088,
          0.0029034,
          1
        ]
      },
      {
        "date" : 726383968.147784,
        "title" : "Untitled",
        "transform" : [
          0.2830318,
          -2.4937759e-08,
          -0.95911056,
          0,
          -0.39311218,
          0.91214323,
          -0.11600674,
          0,
          0.87484616,
          0.40987164,
          0.25816548,
          0,
          0.265529,
          0.107871056,
          -0.009505721,
          1
        ]
      }
    ],
    "90C576A0-F90A-43B8-9998-14918A66F863" : [
      {
        "date" : 726313539.396994,
        "title" : "Untitled",
        "transform" : [
          1,
          0,
          0,
          0,
          0,
          0.86602557,
          -0.4999996,
          0,
          0,
          0.4999996,
          0.86602557,
          0,
          -0.3076105,
          12.694995,
          18.946188,
          1
        ]
      },
      {
        "date" : 726313536.199008,
        "title" : "Untitled",
        "transform" : [
          1,
          0,
          0,
          0,
          0,
          0.86602557,
          -0.4999996,
          0,
          0,
          0.4999996,
          0.86602557,
          0,
          -0.07124519,
          10.300126,
          20.328863,
          1
        ]
      },
      {
        "date" : 726313471.021422,
        "title" : "Untitled",
        "transform" : [
          1,
          0,
          -0,
          0,
          -0,
          0.86602557,
          -0.4999996,
          0,
          0,
          0.4999996,
          0.86602557,
          0,
          0,
          11.3776865,
          19.706734,
          1
        ]
      }
    ],
    "2397B01A-54AB-48DF-955E-DD0464842E3E" : [
      {
        "date" : 726383450.433763,
        "title" : "Untitled",
        "transform" : [
          0.033485662,
          -5.01745e-10,
          -0.9994391,
          0,
          -0.23788375,
          0.97126085,
          -0.007970165,
          0,
          0.9707162,
          0.23801723,
          0.032523315,
          0,
          0.30523217,
          0.13505523,
          -0.008303905,
          1
        ]
      },
      {
        "date" : 726383112.539316,
        "title" : "Untitled",
        "transform" : [
          0.99999994,
          0,
          0,
          0,
          0,
          0.8660254,
          -0.49999988,
          0,
          0,
          0.49999988,
          0.8660254,
          0,
          0.01852015,
          0.21485989,
          0.25488776,
          1
        ]
      },
      {
        "date" : 726383107.78515,
        "title" : "Untitled",
        "transform" : [
          0.99999994,
          0,
          0,
          0,
          0,
          0.8660254,
          -0.49999988,
          0,
          0,
          0.49999988,
          0.8660254,
          0,
          0.009297844,
          0.06871135,
          0.119700305,
          1
        ]
      },
      {
        "date" : 726383106.417443,
        "title" : "Untitled",
        "transform" : [
          0.99999994,
          0,
          0,
          0,
          0,
          0.8660254,
          -0.49999988,
          0,
          0,
          0.49999988,
          0.8660254,
          0,
          0.01253348,
          0.0926228,
          0.16135584,
          1
        ]
      },
      {
        "date" : 726383087.161094,
        "title" : "Untitled",
        "transform" : [
          0.99999994,
          0,
          0,
          0,
          0,
          0.8660254,
          -0.49999988,
          0,
          0,
          0.49999988,
          0.8660254,
          0,
          0.04492256,
          0.3319791,
          0.57833236,
          1
        ]
      },
      {
        "date" : 726383060.533567,
        "title" : "Untitled",
        "transform" : [
          0.99999994,
          0,
          0,
          0,
          0,
          0.8660254,
          -0.49999988,
          0,
          0,
          0.49999988,
          0.8660254,
          0,
          0.04492256,
          0.4478824,
          0.77908283,
          1
        ]
      },
      {
        "date" : 726382821.248387,
        "title" : "Untitled",
        "transform" : [
          0.99999994,
          0,
          0,
          0,
          0,
          0.8660254,
          -0.49999988,
          0,
          0,
          0.49999988,
          0.8660254,
          0,
          0.04492256,
          0.26490828,
          0.46216223,
          1
        ]
      },
      {
        "date" : 726313540.996289,
        "title" : "Untitled",
        "transform" : [
          0.99999994,
          0,
          -0,
          0,
          -0,
          0.8660254,
          -0.49999988,
          0,
          0,
          0.49999988,
          0.8660254,
          0,
          0,
          0.26634917,
          0.46133032,
          1
        ]
      }
    ],
    "CF9C0A3B-906E-42B0-BC63-048D36F2F207" : [
      {
        "date" : 726465152.268742,
        "title" : "Untitled",
        "transform" : [
          0.028397275,
          -2.583413e-10,
          -0.9995967,
          0,
          -0.36908042,
          0.92933834,
          -0.010485107,
          0,
          0.9289635,
          0.36922935,
          0.026390675,
          0,
          0.36287904,
          0.22784464,
          0.020308971,
          1
        ]
      },
      {
        "date" : 726465143.036282,
        "title" : "Untitled",
        "transform" : [
          1,
          0,
          0,
          0,
          0,
          0.8652889,
          -0.5012735,
          0,
          0,
          0.5012735,
          0.8652889,
          0,
          -0.0046077147,
          0.2745373,
          0.33807787,
          1
        ]
      },
      {
        "date" : 726465140.138405,
        "title" : "Untitled",
        "transform" : [
          1,
          0,
          0,
          0,
          0,
          0.8652889,
          -0.5012735,
          0,
          0,
          0.5012735,
          0.8652889,
          0,
          0.0058420785,
          0.29031062,
          0.4594349,
          1
        ]
      },
      {
        "date" : 726313534.745997,
        "title" : "Untitled",
        "transform" : [
          1,
          0,
          -0,
          0,
          -0,
          0.8652889,
          -0.5012735,
          0,
          0,
          0.5012735,
          0.8652889,
          0,
          0,
          0.2715348,
          0.4703121,
          1
        ]
      }
    ]
  },
  "selectedSceneRelativePath" : "Piece.usda"
}