{
  "advancedEditorSelectedIdentifier" : "ProjectBrowser",
  "openSceneRelativePaths" : [
    "BlackPiece.usda",
    "WhitePiece.usda",
    "Piece.usda"
  ],
  "recentIdentifiers" : {
    "83DAF1E1-A267-4BEA-BDED-F0905DEB612A" : [

    ],
    "90C576A0-F90A-43B8-9998-14918A66F863" : [

    ],
    "2397B01A-54AB-48DF-955E-DD0464842E3E" : [

    ],
    "CF9C0A3B-906E-42B0-BC63-048D36F2F207" : [

    ]
  },
  "sceneCameraHistory" : {
    "83DAF1E1-A267-4BEA-BDED-F0905DEB612A" : [
      {
        "date" : 726383525.961542,
        "title" : "Untitled",
        "transform" : [
          0.2830318,
          -2.4937759e-08,
          -0.95911056,
          0,
          -0.39311218,
          0.91214323,
          -0.11600674,
          0,
          0.87484616,
          0.40987164,
          0.25816548,
          0,
          0.25635615,
          0.09474838,
          0.04241225,
          1
        ]
      },
      {
        "date" : 726383521.721325,
        "title" : "Untitled",
        "transform" : [
          0.28303176,
          2.4698856e-09,
          -0.95911056,
          0,
          -0.39311218,
          0.9121432,
          -0.11600663,
          0,
          0.8748463,
          0.40987158,
          0.25816542,
          0,
          0.2766729,
          0.19105253,
          0.021709122,
          1
        ]
      },
      {
        "date" : 726383513.551096,
        "title" : "Untitled",
        "transform" : [
          0.28303176,
          2.4698856e-09,
          -0.95911056,
          0,
          -0.39311218,
          0.9121432,
          -0.11600663,
          0,
          0.8748463,
          0.40987158,
          0.25816542,
          0,
          0.31722283,
          0.13494873,
          -0.026630543,
          1
        ]
      },
      {
        "date" : 726383424.184323,
        "title" : "Untitled",
        "transform" : [
          0.28303176,
          2.4698856e-09,
          -0.95911056,
          0,
          -0.39311218,
          0.9121432,
          -0.11600663,
          0,
          0.8748463,
          0.40987158,
          0.25816542,
          0,
          0.29445067,
          0.16605803,
          0.0011476204,
          1
        ]
      },
      {
        "date" : 726383393.92112,
        "title" : "Untitled",
        "transform" : [
          1,
          0,
          0,
          0,
          0,
          0.8660254,
          -0.5,
          0,
          0,
          0.5,
          0.8660254,
          0,
          0.014253096,
          0.19031103,
          0.2665076,
          1
        ]
      },
      {
        "date" : 726383388.266224,
        "title" : "Untitled",
        "transform" : [
          1,
          0,
          0,
          0,
          0,
          0.8660254,
          -0.5,
          0,
          0,
          0.5,
          0.8660254,
          0,
          0.013235019,
          0.19075195,
          0.26625308,
          1
        ]
      },
      {
        "date" : 726383356.038978,
        "title" : "Untitled",
        "transform" : [
          1,
          0,
          -0,
          0,
          -0,
          0.8660254,
          -0.5,
          0,
          0,
          0.5,
          0.8660254,
          0,
          0,
          0.21162717,
          0.36654902,
          1
        ]
      }
    ],
    "90C576A0-F90A-43B8-9998-14918A66F863" : [
      {
        "date" : 726313539.396994,
        "title" : "Untitled",
        "transform" : [
          1,
          0,
          0,
          0,
          0,
          0.86602557,
          -0.4999996,
          0,
          0,
          0.4999996,
          0.86602557,
          0,
          -0.3076105,
          12.694995,
          18.946188,
          1
        ]
      },
      {
        "date" : 726313536.199008,
        "title" : "Untitled",
        "transform" : [
          1,
          0,
          0,
          0,
          0,
          0.86602557,
          -0.4999996,
          0,
          0,
          0.4999996,
          0.86602557,
          0,
          -0.07124519,
          10.300126,
          20.328863,
          1
        ]
      },
      {
        "date" : 726313471.021422,
        "title" : "Untitled",
        "transform" : [
          1,
          0,
          -0,
          0,
          -0,
          0.86602557,
          -0.4999996,
          0,
          0,
          0.4999996,
          0.86602557,
          0,
          0,
          11.3776865,
          19.706734,
          1
        ]
      }
    ],
    "2397B01A-54AB-48DF-955E-DD0464842E3E" : [
      {
        "date" : 726383450.433763,
        "title" : "Untitled",
        "transform" : [
          0.033485662,
          -5.01745e-10,
          -0.9994391,
          0,
          -0.23788375,
          0.97126085,
          -0.007970165,
          0,
          0.9707162,
          0.23801723,
          0.032523315,
          0,
          0.30523217,
          0.13505523,
          -0.008303905,
          1
        ]
      },
      {
        "date" : 726383112.539316,
        "title" : "Untitled",
        "transform" : [
          0.99999994,
          0,
          0,
          0,
          0,
          0.8660254,
          -0.49999988,
          0,
          0,
          0.49999988,
          0.8660254,
          0,
          0.01852015,
          0.21485989,
          0.25488776,
          1
        ]
      },
      {
        "date" : 726383107.78515,
        "title" : "Untitled",
        "transform" : [
          0.99999994,
          0,
          0,
          0,
          0,
          0.8660254,
          -0.49999988,
          0,
          0,
          0.49999988,
          0.8660254,
          0,
          0.009297844,
          0.06871135,
          0.119700305,
          1
        ]
      },
      {
        "date" : 726383106.417443,
        "title" : "Untitled",
        "transform" : [
          0.99999994,
          0,
          0,
          0,
          0,
          0.8660254,
          -0.49999988,
          0,
          0,
          0.49999988,
          0.8660254,
          0,
          0.01253348,
          0.0926228,
          0.16135584,
          1
        ]
      },
      {
        "date" : 726383087.161094,
        "title" : "Untitled",
        "transform" : [
          0.99999994,
          0,
          0,
          0,
          0,
          0.8660254,
          -0.49999988,
          0,
          0,
          0.49999988,
          0.8660254,
          0,
          0.04492256,
          0.3319791,
          0.57833236,
          1
        ]
      },
      {
        "date" : 726383060.533567,
        "title" : "Untitled",
        "transform" : [
          0.99999994,
          0,
          0,
          0,
          0,
          0.8660254,
          -0.49999988,
          0,
          0,
          0.49999988,
          0.8660254,
          0,
          0.04492256,
          0.4478824,
          0.77908283,
          1
        ]
      },
      {
        "date" : 726382821.248387,
        "title" : "Untitled",
        "transform" : [
          0.99999994,
          0,
          0,
          0,
          0,
          0.8660254,
          -0.49999988,
          0,
          0,
          0.49999988,
          0.8660254,
          0,
          0.04492256,
          0.26490828,
          0.46216223,
          1
        ]
      },
      {
        "date" : 726313540.996289,
        "title" : "Untitled",
        "transform" : [
          0.99999994,
          0,
          -0,
          0,
          -0,
          0.8660254,
          -0.49999988,
          0,
          0,
          0.49999988,
          0.8660254,
          0,
          0,
          0.26634917,
          0.46133032,
          1
        ]
      }
    ],
    "CF9C0A3B-906E-42B0-BC63-048D36F2F207" : [
      {
        "date" : 726313534.745997,
        "title" : "Untitled",
        "transform" : [
          1,
          0,
          -0,
          0,
          -0,
          0.8652889,
          -0.5012735,
          0,
          0,
          0.5012735,
          0.8652889,
          0,
          0,
          0.2715348,
          0.4703121,
          1
        ]
      }
    ]
  },
  "selectedSceneRelativePath" : "Piece.usda"
}